0.59227632
-3.84792380
0.07143095
-9.81454720
10.84901175
1.51947081
4.04068605
5.64096450
-4.98679995
4.34096870
12.10257387
0.20182119
-5.40106500
-0.17998768
-7.28616205
-2.90157752
1.47817965
-5.13298463
6.09824684
-1.45739882
4.29621551
-1.83069891
13.05638978
0.52128502
0.05120938
0.07603319
-5.60138601
9.52124815
-11.37271169
5.09767584
-13.49383159
-10.31423991
8.20589524
-0.44017808
6.53942309
4.52037914
10.73216296
-4.52377225
14.00921639
-12.03327654
-1.02079981
-15.37970894
5.02695898
1.46738929
-6.11807609
2.60748312
-4.53218745
-1.90382238
11.93052898
-13.36310876
