-15.37970894
-13.49383159
-13.36310876
-12.03327654
-11.37271169
-10.31423991
-9.8145472
-7.28616205
-6.11807609
-5.60138601
-5.401065
-5.13298463
-4.98679995
-4.53218745
-4.52377225
-3.8479238
-2.90157752
-1.90382238
-1.83069891
-1.45739882
-1.02079981
-0.44017808
-0.17998768
0.05120938
0.07143095
0.07603319
0.20182119
0.52128502
0.59227632
1.46738929
1.47817965
1.51947081
2.60748312
4.04068605
4.29621551
4.3409687
4.52037914
5.02695898
5.09767584
5.6409645
6.09824684
6.53942309
8.20589524
9.52124815
10.73216296
10.84901175
11.93052898
12.10257387
13.05638978
14.00921639
